0 0 1.79102e-14
1 1.77748 3.99685e-14
2 2.08369 5.86886e-14
3 1.12257 5.78693e-14
4 0.726788 3.72663e-14
5 2.59808 1.68414e-14
6 6.57164 3.07209e-14
7 10.6377 3.13552e-14
8 12.7168 1.96522e-14
9 12.4495 3.84869e-14
10 11.2583 86.6025
11 10.672 5.61147e-14
12 10.6331 2.51438e-14
13 9.51514 3.90218e-14
14 5.84485 3.85772e-14
15 3.67394e-15 4.68379e-14
16 -5.84485 2.25324e-14
17 -9.51514 4.74251e-15
18 -10.6331 3.6389e-14
19 -10.672 3.4928e-14
20 -11.2583 43.3013
21 -12.4495 2.56712e-14
22 -12.7168 1.42583e-14
23 -10.6377 2.35495e-14
24 -6.57164 1.92186e-14
25 -2.59808 4.26142e-14
26 -0.726788 4.26807e-14
27 -1.12257 5.90116e-14
28 -2.08369 6.75292e-14
29 -1.77748 5.0428e-14
30 -2.44929e-15 4.01132e-14
31 1.77748 2.4815e-14
32 2.08369 2.21967e-14
33 1.12257 1.59893e-14
34 0.726788 1.91717e-14
35 2.59808 3.00907e-14
36 6.57164 5.93622e-14
37 10.6377 7.23673e-14
38 12.7168 6.06954e-14
39 12.4495 3.61244e-14
40 11.2583 1.22315e-14
41 10.672 5.24643e-14
42 10.6331 2.63302e-14
43 9.51514 8.4668e-15
44 5.84485 3.89413e-14
45 1.81272e-14 4.11921e-14
46 -5.84485 3.3832e-14
47 -9.51514 3.00198e-14
48 -10.6331 4.25638e-14
49 -10.672 3.31599e-14
50 -11.2583 17.3205
51 -12.4495 4.93279e-14
52 -12.7168 1.46317e-14
53 -10.6377 1.16475e-14
54 -6.57164 1.73169e-14
55 -2.59808 3.00048e-14
56 -0.726788 1.23237e-14
57 -1.12257 2.53699e-14
58 -2.08369 1.92896e-14
59 -1.77748 3.34906e-14
60 -4.89859e-15 1.25345e-15
61 1.77748 2.41763e-14
62 2.08369 3.10096e-14
63 1.12257 1.86133e-14
64 0.726788 1.63682e-14
65 2.59808 5.11732e-14
66 6.57164 6.56821e-14
67 10.6377 7.25953e-14
68 12.7168 5.99049e-14
69 12.4495 5.09756e-14
70 11.2583 1.86224e-14
71 10.672 1.88299e-14
72 10.6331 3.23936e-14
73 9.51514 1.60461e-14
74 5.84485 2.28453e-14
75 1.12643e-14 3.71998e-14
76 -5.84485 2.3476e-14
77 -9.51514 2.10747e-14
78 -10.6331 2.48096e-14
79 -10.672 2.71396e-14
80 -11.2583 1.26706e-14
81 -12.4495 3.37371e-14
82 -12.7168 4.13096e-14
83 -10.6377 8.17455e-15
84 -6.57164 3.21739e-14
85 -2.59808 2.19073e-14
86 -0.726788 1.38327e-14
87 -1.12257 2.19425e-14
88 -2.08369 4.71958e-14
89 -1.77748 3.5918e-14
90 -2.15587e-14 5.83671e-14
91 1.77748 1.98425e-14
92 2.08369 5.8136e-14
93 1.12257 1.23872e-14
94 0.726788 5.27854e-14
95 2.59808 5.1203e-14
96 6.57164 5.07979e-14
97 10.6377 5.27664e-14
98 12.7168 4.50604e-14
99 12.4495 2.69077e-14
100 11.2583 3.44915e-14
101 10.672 4.26394e-14
102 10.6331 5.49205e-14
103 9.51514 4.02693e-14
104 5.84485 4.343e-14
105 3.2823e-14 2.76803e-14
106 -5.84485 2.15106e-14
107 -9.51514 1.0924e-14
108 -10.6331 1.33818e-14
109 -10.672 2.18797e-14
110 -11.2583 1.62364e-14
111 -12.4495 3.47244e-14
112 -12.7168 4.90517e-14
113 -10.6377 2.16578e-14
114 -6.57164 1.18078e-14
115 -2.59808 2.33837e-14
116 -0.726788 1.76224e-14
117 -1.12257 4.75876e-14
118 -2.08369 4.16218e-14
119 -1.77748 1.70305e-14
120 -9.79717e-15 3.85756e-14
121 1.77748 1.63368e-14
122 2.08369 1.34164e-14
123 1.12257 1.8338e-14
124 0.726788 1.45614e-14
125 2.59808 2.96832e-14
126 6.57164 4.70714e-14
127 10.6377 2.9826e-14
128 12.7168 7.63482e-15
129 12.4495 3.42779e-14
130 11.2583 3.71388e-14
131 10.672 1.73877e-14
132 10.6331 3.52355e-14
133 9.51514 1.58249e-14
134 5.84485 3.46017e-14
135 2.596e-14 8.23748e-15
136 -5.84485 2.18373e-14
137 -9.51514 1.7004e-14
138 -10.6331 2.07806e-14
139 -10.672 2.99563e-14
140 -11.2583 1.88589e-14
141 -12.4495 2.88767e-14
142 -12.7168 7.25283e-14
143 -10.6377 4.13364e-14
144 -6.57164 2.99754e-14
145 -2.59808 3.26148e-14
146 -0.726788 3.95526e-14
147 -1.12257 4.64439e-14
148 -2.08369 2.7595e-14
149 -1.77748 1.26106e-14
150 1.96439e-15 1.74792e-15
151 1.77748 1.26106e-14
152 2.08369 2.73598e-14
153 1.12257 4.64439e-14
154 0.726788 3.66371e-14
155 2.59808 3.26148e-14
156 6.57164 2.99754e-14
157 10.6377 4.13364e-14
158 12.7168 7.58003e-14
159 12.4495 2.88767e-14
160 11.2583 6.65095e-15
161 10.672 2.99563e-14
162 10.6331 2.07806e-14
163 9.51514 1.7004e-14
164 5.84485 2.33307e-14
165 -5.19572e-14 8.23748e-15
166 -5.84485 3.31249e-14
167 -9.51514 1.58249e-14
168 -10.6331 3.52355e-14
169 -10.672 1.73877e-14
170 -11.2583 3.61395e-14
171 -12.4495 3.42779e-14
172 -12.7168 6.94521e-15
173 -10.6377 2.9826e-14
174 -6.57164 4.70714e-14
175 -2.59808 2.96832e-14
176 -0.726788 1.67151e-14
177 -1.12257 1.8338e-14
178 -2.08369 1.43704e-14
179 -1.77748 1.63368e-14
180 -4.31175e-14 3.85756e-14
181 1.77748 1.70305e-14
182 2.08369 4.1765e-14
183 1.12257 4.75876e-14
184 0.726788 1.67839e-14
185 2.59808 2.33837e-14
186 6.57164 1.18078e-14
187 10.6377 2.16578e-14
188 12.7168 4.71857e-14
189 12.4495 3.47244e-14
190 11.2583 1.24891e-14
191 10.672 2.18797e-14
192 10.6331 1.33818e-14
193 9.51514 1.0924e-14
194 5.84485 1.997e-14
195 -1.97677e-15 2.76803e-14
196 -5.84485 4.5536e-14
197 -9.51514 4.02693e-14
198 -10.6331 5.49205e-14
199 -10.672 4.26394e-14
200 -11.2583 3.2827e-14
201 -12.4495 2.69077e-14
202 -12.7168 4.52337e-14
203 -10.6377 5.27664e-14
204 -6.57164 5.07979e-14
205 -2.59808 5.1203e-14
206 -0.726788 5.35488e-14
207 -1.12257 1.23872e-14
208 -2.08369 5.85629e-14
209 -1.77748 1.98425e-14
210 -3.13559e-14 5.83671e-14
211 1.77748 3.5918e-14
212 2.08369 4.56786e-14
213 1.12257 2.19425e-14
214 0.726788 1.71266e-14
215 2.59808 2.19073e-14
216 6.57164 3.21739e-14
217 10.6377 8.17455e-15
218 12.7168 3.84717e-14
219 12.4495 3.37371e-14
220 11.2583 1.46162e-14
221 10.672 2.71396e-14
222 10.6331 2.48096e-14
223 9.51514 2.10747e-14
224 5.84485 2.51582e-14
225 1.33269e-13 3.71998e-14
226 -5.84485 2.15227e-14
227 -9.51514 1.60461e-14
228 -10.6331 3.23936e-14
229 -10.672 1.88299e-14
230 -11.2583 2.31478e-14
231 -12.4495 5.09756e-14
232 -12.7168 5.88163e-14
233 -10.6377 7.25953e-14
234 -6.57164 6.56821e-14
235 -2.59808 5.11732e-14
236 -0.726788 1.96671e-14
237 -1.12257 1.86133e-14
238 -2.08369 2.81405e-14
239 -1.77748 2.41763e-14
240 -1.95943e-14 1.25345e-15
241 1.77748 3.34906e-14
242 2.08369 1.60563e-14
243 1.12257 2.53699e-14
244 0.726788 1.20955e-14
245 2.59808 3.00048e-14
246 6.57164 1.73169e-14
247 10.6377 1.16475e-14
248 12.7168 1.78176e-14
249 12.4495 4.93279e-14
250 11.2583 17.3205
251 10.672 3.31599e-14
252 10.6331 4.25638e-14
253 9.51514 3.00198e-14
254 5.84485 3.16984e-14
255 -1.57027e-14 4.11921e-14
256 -5.84485 4.08577e-14
257 -9.51514 8.4668e-15
258 -10.6331 2.63302e-14
259 -10.672 5.24643e-14
260 -11.2583 2.28476e-14
261 -12.4495 3.61244e-14
262 -12.7168 6.39367e-14
263 -10.6377 7.23673e-14
264 -6.57164 5.93622e-14
265 -2.59808 3.00907e-14
266 -0.726788 2.26469e-14
267 -1.12257 1.59893e-14
268 -2.08369 2.82307e-14
269 -1.77748 2.4815e-14
270 -7.83279e-15 4.01132e-14
271 1.77748 5.0428e-14
272 2.08369 6.97664e-14
273 1.12257 5.90116e-14
274 0.726788 5.31359e-14
275 2.59808 4.26142e-14
276 6.57164 1.92186e-14
277 10.6377 2.35495e-14
278 12.7168 8.71683e-15
279 12.4495 2.56712e-14
280 11.2583 43.3013
281 10.672 3.4928e-14
282 10.6331 3.6389e-14
283 9.51514 4.74251e-15
284 5.84485 3.53394e-14
285 1.19543e-13 4.68379e-14
286 -5.84485 4.29131e-14
287 -9.51514 3.90218e-14
288 -10.6331 2.51438e-14
289 -10.672 5.61147e-14
290 -11.2583 86.6025
291 -12.4495 3.84869e-14
292 -12.7168 1.94001e-14
293 -10.6377 3.13552e-14
294 -6.57164 3.07209e-14
295 -2.59808 1.68414e-14
296 -0.726788 4.9215e-14
297 -1.12257 5.78693e-14
298 -2.08369 5.22755e-14
299 -1.77748 3.99685e-14
